00010010111011001101110010101110
10111110110010010101101000001010
10111110010110110110001011111101
10110100100100110011001010100011
10110011001000100110100001001111
10000000111111101100000101110011
00011011110010010101110100101110
00010011111000110011011001110111
00001000101011110111000101010011
11110100010001000000001110101000
11110011110000100100100000011110
11001001101101010100001010011110
10000110100100101011011001111011
01110101110100111001100000111100
01110010100100010010001100000010
01011110010000101000010111101100
01010000101001001101100101100110
01001011110000011100100100010011
10011110100101111011011001111110
10011001010001001101100100010100